003752
002706
001304
000518
005116
003996
001510
007675
006325
000222
001689
005085
006605
004423
004943
009598
006190
007663
007123
005267
007149
003308
006279
003452
008132
008966
006286
009845
005388
004295
001130
004797
003492
000051
006455
000515
009540
000746
006681
008948
009813
000676
003032
008770
005961
009236
001649
004037
009526
006971
004264
007650
000597
006108
005054
002584
005230
009186
002441
001640
002722
006534
006940
005741
007425
002704
003282
007715
001964
007184
007323
001699
003468
008096
000971
001754
009693
002967
005983
003525
000889
003632
007046
001247
004298
007054
005378
000396
002714
005312
000036
009343
009445
003110
008409
008082
008596
002253
002215
000064
005367
003088
008884
009900
000780
001849
000796
002963
007685
004675
003100
006536
005813
009053
007909
008932
004323
000220
003422
007101
000431
002816
007042
004656
001906
008180
002762
000699
005584
007544
001960
003429
007721
000228
003254
002483
006570
002214
002939
005861
005640
008017
006392
000200
009767
007398
005032
009670
000565
002165
009679
008105
003709
002367
001406
004122
004727
000242
005819
001266
003838
000625
002181
002171
002785
004455
004992
007114
004392
000460
001632
000660
007150
009463
002794
002480
005743
007424
005004
000900
001185
000173
002095
006320
003992
000023
004389
002279
000682
003072
009029
005129
004694
003401
009603
000503
009464
005027
006765
003056
003885
004977
005081
005864
003455
009187
004121
000489
009036
004789
004185
005867
004113
008862
009282
007654
003509
007210
003886
006896
009524
001299
003949
009644
001001
008768
008223
001509
004011
001556
008655
001481
004493
005037
009897
004750
000380
007330
002868
006760
005760
003879
007810
009659
004257
008584
005568
005478
000667
001345
003142
007603
001775
001872
008386
007144
004782
004430
003508
004346
004779
005784
000132
009918
005177
008397
003713
003316
007763
002454
003163
005874
000949
004085
000468
000450
009822
006183
001475
003636
007898
005293
000581
003546
004230
003415
000712
001643
000826
007166
000695
002179
009761
004012
000236
009833
009839
002760
006862
007525
006911
004655
001136
006821
003258
003200
000163
008275
008254
003204
006933
007899
003350
007869
006759
001633
008628
005055
002392
002184
005536
003108
004327
006434
002209
002636
004520
006945
001571
006430
005360
002470
005223
001501
009586
000750
003614
006611
002916
003274
005757
006459
006595
009349
009667
007795
006876
004333
004935
002405
001386
008141
007924
001945
007619
007979
001612
004528
008125
000508
005438
002643
005383
000030
007314
007997
006768
000793
002361
000328
008064
006276
003971
001636
003860
009214
006810
008359
009754
002442
008533
008252
001272
003953
001717
002082
006128
003817
005579
008676
000121
009303
003889
006667
003594
005903
008306
009773
007631
001479
006004
000020
005629
005980
003149
002941
004928
004601
008542
007153
004542
002523
008665
003585
006210
008008
005124
007890
005768
000962
004069
001400
006657
000871
009072
007712
002238
001950
003635
009939
000931
004746
000820
001948
002975
009413
006198
003207
006965
003146
007185
006305
009637
006304
004973
002778
004073
003510
009810
000729
004794
005429
006706
003792
001918
003760
008422
006133
003092
009045
003344
002735
003065
008429
000298
003236
004600
006161
006480
000776
006699
002125
008727
008316
001836
007356
005791
009647
008103
002192
005451
002653
009388
005521
002611
003420
007647
004760
006444
007489
003202
001337
000895
001176
004841
005782
004494
001082
001806
000147
005219
005026
009819
006344
000967
002311
005268
003000
008391
002965
006512
003382
004910
006270
007318
009414
007697
009080
007390
008426
003919
003796
005620
009255
007964
007432
000896
008969
001229
007527
008529
007798
001597
002116
003407
002490
009184
002444
008364
003195
000424
007655
003262
008009
009094
009324
004241
000066
004662
004831
004990
002039
008738
001350
005023
002015
004066
008315
009499
009884
003603
009371
001492
001840
006179
008174
000628
001312
005405
001097
001414
003300
000689
000954
002413
003007
009271
000887
004948
004968
004508
005544
005014
001240
009131
000180
004390
004956
004474
009173
006808
000374
004761
007723
006645
007113
008572
002011
004310
008342
004105
005327
008002
008100
004502
000387
005404
007666
009868
006202
000786
009299
009947
005964
000588
003935
003887
004145
006718
008222
009318
007217
009350
006290
008920
002937
009185
009468
002366
001390
001360
006956
001260
000888
007991
006418
003806
008983
006848
002134
001514
002675
000794
000867
009438
003044
005970
005618
009087
009209
008063
002627
006855
000756
002984
008936
001148
002096
002450
006959
009490
007283
009481
003973
008086
008636
006291
001323
002649
003294
005736
008164
002354
003122
009161
003618
006377
008107
001201
001970
005215
000102
002912
000920
002564
008967
003837
000748
000874
008062
008709
004003
002117
008351
000544
003063
005374
001028
002609
007667
009373
002481
001723
003658
005338
002505
003779
000171
003462
008813
007484
007702
005379
006321
003684
006617
003657
004519
006243
002362
003606
007777
006839
004405
004938
007475
001522
003577
000950
003425
005441
008769
002259
002931
002477
007629
001882
007687
002220
008387
008384
006229
006827
003430
004607
002374
001772
008929
007859
003145
006131
002114
006440
001675
004630
006944
008764
000860
003998
003830
004579
002496
001617
006833
001420
004812
003703
008793
006043
007709
002844
009894
001145
002677
005818
001463
006249
001175
004329
003210
000323
006503
007855
004693
000083
009342
000263
002618
000738
003121
003699
001488
003311
006660
003863
003231
001565
000289
004895
002804
006097
004753
008687
002986
003228
002765
001504
000394
009085
003564
007897
001730
004636
007191
003181
009512
004171
000118
009460
003303
006647
000332
008091
007704
002027
008079
002382
009418
000203
008112
003754
006025
001062
005348
004527
003269
005814
005840
004792
001598
004553
003868
004776
000218
007530
002962
002371
003536
007029
006538
004622
009195
001618
003586
000645
001526
009174
007448
008999
006814
003444
003239
002646
008327
004020
004708
002559
002691
004834
002034
001559
007388
005068
006071
007980
006609
001727
000843
001554
006908
000989
005111
002670
003993
007084
000610
004457
004913
006275
007543
001483
006240
002901
009066
003803
001843
006702
002140
004898
008710
004517
003528
008784
002021
009439
000033
009746
000589
007003
005306
009862
005436
008044
002023
007791
000818
003921
001004
009339
005395
007775
002795
006289
009605
007074
005714
006572
005530
004999
005853
007148
002401
002957
005605
009776
006884
004960
005859
005695
002695
005445
001442
004270
007182
002212
008093
000802
004110
004719
004215
000294
008466
001628
007765
008667
008905
007433
006844
003866
003337
004321
008558
009573
003511
003023
001036
002563
007075
009424
001853
003678
006306
000653
004953
001269
007249
006565
004954
008427
000731
000654
009641
009469
003038
003499
007579
000250
004911
001281
006058
000462
001536
006719
008822
009126
006472
005747
006976
002896
005676
007437
008226
004685
003134
008026
001327
002893
006677
009227
000918
009577
002151
005320
001104
006893
003453
003674
006330
006323
004673
007883
007921
000229
004265
000980
007007
008750
001093
002194
001902
005653
001084
005424
005899
003974
004796
004983
000851
009401
004379
003608
001755
007503
007427
005735
009681
005246
006783
006341
004552
003039
009836
002632
007976
003024
003176
006225
005511
000859
007925
004212
002174
008582
007533
009434
000266
003621
005084
007411
004967
001688
001472
002337
008370
004322
005016
004204
006930
001457
004735
008295
003786
009022
001894
003077
006339
004338
005535
004231
008302
004089
001362
001408
008263
009446
003320
000427
008995
001168
007422
004292
005731
007346
003240
001941
002410
001453
001279
008204
004409
002518
008037
006883
006238
005971
000379
006668
000946
003651
009550
001259
004303
007294
001789
006697
003987
009068
009287
001254
007745
005448
007633
002104
000433
008307
000598
009531
005644
004129
006241
009872
004312
005483
005457
000872
001071
003895
003403
002935
002155
000850
000555
000601
002497
003963
009148
002420
008218
000007
005527
000446
004253
006939
002387
005134
008029
001604
007517
003722
003223
005905
009128
009733
003530
005630
000657
004710
009151
005868
004499
001056
006803
008717
009585
002373
001341
004075
006734
007996
003205
005805
004168
007213
003170
004597
009064
006319
002427
005371
007451
007152
002153
000061
000395
008799
007615
009405
002343
000269
005901
005749
006350
007004
001365
006822
001981
005841
002512
008326
007327
008633
009671
007035
008127
004459
006949
007963
006468
007779
008886
000828
000439
009828
002547
009177
002251
001778
006673
008568
000880
003450
000302
007905
004863
005895
002934
001627
007375
000146
002866
006794
007984
007814
007670
004566
009816
000251
009902
009596
001451
006868
001611
000046
002779
004830
001012
002376
004095
000050
007300
003772
004273
000416
006687
007305
000549
003354
001455
004632
007417
001855
003627
005058
000754
003169
002558
005930
001434
007130
004606
007280
002782
009007
004293
002491
003356
002404
004972
008140
000777
002461
008468
009389
002513
002163
007133
002917
002136
006671
008312
006880
009851
003671
001718
005518
000815
007059
004618
008891
009542
003279
004879
001544
001680
004010
004404
006652
000608
006637
000322
001352
001989
008521
009330
004737
000193
007132
003066
008106
009917
008452
003939
006922
009613
008413
007974
002801
002881
007461
001486
002987
005161
005836
006632
000381
004770
002774
003464
008484
008618
005682
002647
006886
006180
009649
006631
004627
003218
006784
009051
001896
002767
009942
006612
008173
006666
009358
008883
009743
001384
004876
006184
003280
000550
002221
007506
008766
007653
001053
002751
001387
006156
008978
002456
005573
003061
008296
007140
000522
001161
008519
007535
008772
009618
008562
009800
005122
006285
002423
002713
001043
008663
009678
009247
003021
007519
008322
003105
009691
004496
003451
009409
002330
008442
007950
003413
002766
002278
008811
005680
000728
000770
001209
003421
002261
005639
002977
004625
006011
003404
004013
006269
009738
003064
009060
007682
002265
005185
001771
000845
009959
003391
007215
006371
001294
000921
003374
000044
005453
008159
002176
001284
000523
001250
001221
008248
001561
004991
008122
009579
002407
005912
004256
002932
002334
009113
000831
006587
001121
008615
007036
003704
006916
006548
004995
001074
005989
002539
009484
008725
009762
005713
009476
009420
005489
007266
007585
005345
004033
007038
007568
000459
006023
004471
006141
009034
000730
009950
006952
003620
005006
004563
001314
006264
009144
004487
004815
008720
005418
008098
005631
004946
006878
009016
003994
007872
001325
009707
003369
006549
003199
002554
000276
002730
003638
004438
004339
002042
005406
005416
002833
002699
000635
000112
009308
002224
001588
006529
008199
004201
003555
002022
007601
008826
005328
005875
002566
006492
008069
008478
001421
000208
000947
006098
008728
001383
008042
008272
006735
002368
003524
001192
004604
007671
005968
002524
004189
006747
005318
008980
005101
009114
002589
008975
009546
001002
001523
003721
001553
007250
007006
005674
005588
004364
009537
007369
004518
008879
004060
005067
003808
009591
001952
005475
001140
006845
002478
000009
000855
008232
007691
005485
001557
001827
008483
002776
004674
001052
004512
003874
003433
008612
003912
001316
004848
002237
004131
000304
009797
000259
002593
006483
005244
003565
002848
009042
000919
008117
007699
005496
000605
009732
008517
001799
006254
003932
006484
003905
000774
002578
006346
005047
000688
002190
003539
002101
005190
001490
009129
003185
007165
009792
008752
002234
008285
002142
005783
007877
000484
000089
009584
009621
005423
005894
008171
008942
004699
008033
007911
009717
008360
005224
009242
006038
000407
007838
004786
008702
003798
000063
007465
008108
002201
009532
008890
009519
005730
006351
002565
007910
003325
003946
003846
005948
008084
002682
006966
009448
001653
004274
004365
009133
009735
007236
003640
007546
008300
005888
007563
000438
002544
001713
005877
009312
006766
003654
007408
009692
005839
009623
003296
004742
002658
006079
004397
008121
007946
001733
009494
003093
000519
000709
008951
009780
001765
003622
002546
002615
006628
007438
007413
006962
008635
003301
004537
007071
004926
005104
009283
000359
008847
003008
001079
001677
004706
001515
009650
000812
004281
003074
002197
002545
008294
005389
004660
004318
000308
002268
000526
003898
002263
003809
003017
007256
000863
000104
009805
004939
008494
008191
005790
006636
002603
009252
005274
000150
002112
002501
001230
007298
009347
003390
007329
002913
009472
009419
005641
006501
002858
008576
008885
001460
008381
004994
007263
003410
003138
007776
007919
005090
006175
008095
001582
008051
007491
003961
002910
005145
004360
007749
009774
003441
005723
001436
007865
000987
005146
007915
005821
007826
005693
001759
001413
001289
001298
008368
001439
007845
005658
007077
009713
000717
009121
009378
007678
009878
002139
003970
000771
004626
008477
000184
009470
008878
001724
002745
005576
007224
007073
006638
008115
002433
009588
000563
009904
000516
005657
002377
008390
005220
006819
003941
000042
004224
009368
000742
008835
004790
000430
006679
002594
007612
009480
006130
002875
006748
000091
001014
008225
006599
000174
006284
004283
007864
006597
007208
005350
008733
009159
004539
000026
000461
002460
005110
004205
005171
003150
000620
003458
003575
007834
009162
002468
004743
004345
002525
000072
002662
008116
006736
000285
007767
003947
006786
006027
003826
008900
005355
004574
005843
005582
007187
006419
002288
000282
008130
009295
006585
003082
003807
003117
004832
001756
002889
000233
006950
008526
000675
007394
001833
004152
002683
005319
003548
001060
006654
007260
003748
001395
009808
007211
000209
002233
008933
001971
007493
002166
000879
008713
005108
001441
000109
003161
001892
006148
000347
000958
005236
004369
007998
006626
002375
002585
006070
005305
007359
006299
005183
007586
009571
003690
008944
009147
009421
002635
002359
007803
008873
008859
000035
007414
001066
000814
001807
006212
007746
000382
002256
005563
005679
005699
004495
005421
008220
004828
000482
008739
003229
001543
006852
000021
002267
009224
006476
004905
000154
005487
001164
007460
006689
008923
006690
005056
001907
006089
002494
005199
007419
007511
001669
008865
004149
004396
001445
000419
002391
005979
004707
008250
002783
000107
008524
008186
001577
007243
005526
007200
005314
003753
001800
000908
007724
003645
002540
002502
000661
005803
002043
003011
002606
000622
009859
002847
001858
009288
008790
004140
001928
003107
000435
005704
009157
006482
001343
009160
005337
003002
004441
008268
008503
008024
008475
008450
004544
005940
004142
000101
000680
000700
000739
008698
007443
005992
001685
000583
009410
000131
006703
008876
000052
003529
009580
002549
007097
009627
009781
004191
005254
000702
008043
000047
007727
000854
004777
000973
009520
008809
003380
001214
003844
001586
004296
007575
001594
000868
007843
001517
001124
000810
000965
006163
008216
007637
003705
009491
006714
000153
009686
006829
006400
003588
004555
004867
005686
009687
006404
008535
006020
009443
003419
005586
002332
008801
009422
007205
009685
002385
008465
006230
002191
008604
006664
002684
003986
008235
004284
006841
006850
001816
006166
009456
009562
002228
002293
005761
000806
006162
004644
003865
005052
000225
002990
002680
005239
007230
003313
003377
002815
007147
005121
009398
006670
003685
001651
000972
002689
002845
007626
007594
005414
005838
000278
006301
005343
009440
004793
005789
000865
006474
001954
008831
003828
005499
002419
005593
006447
003708
003711
009191
004805
004890
002384
008911
004133
009202
005349
001976
005259
004747
007566
002058
000935
006215
007121
008610
003566
002437
009411
007824
007292
005071
006250
003102
005830
007008
005370
006958
009823
003871
008049
005541
002307
000791
002958
007031
005097
008759
004732
003818
003395
006738
008556
005897
002835
002919
003700
007524
000443
000492
009213
004903
003656
007760
002723
006251
005380
005285
009619
005985
003990
004093
005756
009100
009059
000077
009615
004808
006694
008534
006337
002709
008335
004220
007812
001158
001286
006258
009015
007606
008345
002036
008849
004300
002126
002542
005130
005583
004558
007885
003417
005195
005135
001860
000060
008757
009337
007086
007259
004025
001766
008773
005952
002529
001590
000192
004570
002321
004193
007751
003859
007999
008557
005160
003013
007720
003834
009755
002605
008982
007677
001330
001707
007343
000982
000842
008293
008513
001009
007790
008012
004169
003129
001112
004370
005153
007889
005585
004275
002880
005471
002465
001397
008691
005420
006158
000019
000964
005603
008695
007222
004654
008549
000120
000752
002094
004326
002352
003644
008031
004648
002659
000256
007090
008833
008213
007914
009155
001995
009848
004246
002257
002613
007570
001203
001182
002280
007204
006576
000760
006374
007886
004902
008189
002458
002272
003106
005315
006181
009479
004682
006869
004164
001647
008919
001931
004852
002555
007953
004955
002537
007162
006583
008083
005391
005208
003351
000034
009123
008313
008209
003188
000633
008930
001231
009699
008453
001211
006543
002567
000129
008747
009785
005685
004866
003639
008372
003118
006338
006235
003784
006272
001841
001064
004530
007854
006436
002291
009726
004087
005625
009527
001747
004950
000951
009270
007040
000707
003948
006800
000830
006805
007863
004886
006448
008244
009245
008281
007125
008142
001361
004686
001405
006828
006095
003154
007297
007683
005920
009377
002759
005094
009457
006507
008279
001480
001985
003338
000499
009541
007841
007483
006159
009004
006221
002755
000498
001468
009316
000934
001061
008437
009351
002718
004452
004702
007104
000753
006674
000065
008317
003157
004951
009333
002378
007344
000469
001936
009908
001239
005878
006123
007234
001962
001194
006281
003597
009166
000367
008550
004100
003827
007146
004209
006357
009086
002943
007470
008874
007058
002169
002183
000198
006569
006739
008840
000767
006622
003439
001378
003089
009429
000235
005065
006382
009268
007923
008338
002600
007334
005064
002001
003550
000448
006603
005963
003913
004961
007868
000632
005283
003660
008229
009702
008985
009516
005454
001018
008425
006105
009150
008258
007466
008498
006172
006296
009576
003307
004526
005519
005824
004532
006424
007351
001172
008462
005264
007901
009000
008332
003135
006335
001404
007873
008523
008284
000711
002784
006707
001385
003042
009913
001555
003086
002634
004386
002838
006840
009654
000245
004150
006069
007302
004651
008688
005764
009737
006140
000117
002717
001548
000915
000480
002933
004878
008318
000352
001797
004432
008057
005258
009168
003098
009291
002621
006773
006867
009459
009327
008810
001409
001537
001450
004269
001375
001092
006943
004998
003273
003219
004034
004549
003923
001793
007216
006740
006658
005325
001607
006427
004856
009911
001057
003957
004963
007045
003116
002879
007276
004017
006433
004850
005951
007022
005732
002305
002710
007819
007365
007064
009656
009954
001750
009944
001226
005410
004135
006421
006524
007490
005288
004609
007821
002135
002055
006066
001980
001887
004237
007547
004192
005786
000525
009961
008775
008169
006443
004997
008444
007786
008541
008495
007245
006932
003466
002533
002906
007446
003373
002323
007688
002834
004138
009502
003214
002102
005210
001834
005028
009676
002595
009706
002599
001726
005433
009254
006473
008485
000311
006084
009141
005029
009461
009359
006236
007449
008989
002641
006643
008909
000892
000823
006551
007621
005486
003330
002697
005990
006224
004271
005168
005738
006247
005203
003673
002266
007079
004507
007009
003103
005045
005072
006934
008748
003124
002025
008965
004643
009117
005191
004701
003496
001144
005340
003675
002744
003924
006041
007576
000275
003691
005397
002586
002340
006847
004816
001842
008573
000340
002493
007497
000187
006486
007956
000937
008647
009194
005600
008730
001877
002664
007482
002914
008838
003890
004825
001170
003960
008341
008163
002869
007062
003774
001268
005919
002938
002500
002255
000535
006983
007537
002435
005417
005852
007536
001125
005514
009869
009175
002064
000829
000543
005815
002411
009796
008706
006170
006174
008482
000590
003732
007270
003299
008087
006171
000800
002924
005344
007445
002004
009382
009325
007639
007325
007498
008311
009666
001691
008434
004141
003872
003493
008137
009412
002315
008692
006488
004244
001861
001444
004773
004611
008606
009386
000095
008960
006995
000513
005336
008522
002992
003956
006547
005368
002667
008955
000637
002572
008670
002083
003386
007168
006948
006223
004372
000545
004849
008438
009832
004801
006799
009018
007108
002786
004976
002855
009747
008888
003359
005879
004595
000500
003398
008506
003045
009179
005102
005806
003735
008927
002737
000663
009488
004916
002187
001920
009567
007799
007731
003058
009858
003057
009433
005648
004540
008224
001334
003966
002891
000221
003646
008805
004255
001015
003556
001690
007089
001932
002738
001310
003751
008771
008346
008581
005062
001785
003242
005461
002466
003005
008197
004286
003155
005508
002439
009841
008976
005257
007274
009417
007611
008202
003126
009091
008961
000694
009710
001708
002120
009106
001499
002219
006391
002417
009558
003293
001041
008001
000531
007381
009408
004488
000857
006029
007128
002886
002472
007373
007590
004143
008958
002443
005159
003184
008943
003443
000017
008987
008645
001234
006989
006859
003213
005637
008282
007758
001809
001493
002690
004117
000143
000672
008564
005828
000684
000690
000899
004304
003331
005408
007117
009336
008502
003740
001978
005788
004840
007049
007928
003604
003362
004170
004120
007662
006466
009923
003370
003937
008718
003412
001958
005911
003290
004190
004200
003979
001151
009515
008917
005539
002448
006909
001686
003518
009879
009600
001091
003847
005984
006001
006411
004571
006395
005599
005290
009215
004623
007526
001678
007932
007705
009543
000262
009557
005988
006835
005672
002329
007065
003877
009477
003516
001083
003271
002915
001888
000943
002459
003797
001938
004239
003397
005773
000832
007214
005947
007088
006789
004585
006176
001027
003416
000246
008836
008872
009718
005352
007479
005889
005036
009721
005729
007920
005831
009880
002775
002019
000122
004676
007696
006462
009497
009831
001903
006187
007436
007732
003127
008188
005507
006761
001191
006727
001579
005297
006635
009855
006018
001682
004974
008914
002202
003133
007247
007296
006135
006061
003186
008848
003343
003634
004039
007467
009099
001068
001270
006277
003625
001199
004754
004279
005975
006912
005061
004341
008072
007513
001818
005794
005202
001673
000303
009865
002180
003506
004263
007656
008211
005954
006463
003484
002156
004076
007033
007396
002030
005217
003406
004722
003537
007813
000537
007350
004591
006329
000541
001899
004102
007618
005398
004015
004315
005311
006233
007578
005668
003272
007435
002946
009192
007189
006499
000354
000391
005431
000318
000740
006035
002208
004229
009617
007167
002873
001610
006045
001293
000772
008175
000878
000996
009790
005384
006515
004689
000911
005176
008424
005817
001654
004612
008349
008617
002721
007622
005189
002798
004232
009597
003250
008601
008921
003655
003256
002415
000885
003599
002002
000552
008423
009073
003793
005781
008716
001662
004652
003003
006030
001102
002273
001072
002241
002471
000113
004873
001944
003469
003376
005229
007713
009636
007528
009375
008783
001311
006935
000016
000078
007753
009212
006849
002098
007383
005609
006267
008151
000509
007172
009466
005212
009105
006450
004014
004437
001864
008355
000966
001768
000463
002696
006352
001622
005138
000408
004258
006865
000177
007284
009664
005281
005114
001904
005765
009136
008644
009620
003379
000156
001212
000099
001149
007642
003047
004581
000991
002884
008892
001069
002247
006129
005128
004481
003435
008690
000862
001915
003695
001466
007197
008624
009789
009019
003522
006442
003667
009407
009089
008467
004436
004788
008403
007174
008988
002302
008973
008433
000142
009108
009508
006111
006914
002645
005073
002218
000349
003899
002944
004163
007078
001746
008139
000612
004361
003054
007679
006988
000903
004649
002966
009393
003165
006684
004500
003743
003449
000110
002590
007856
000325
000312
003869
002976
002152
009246
000288
003436
009611
006866
009958
007876
003681
007959
008794
007141
009566
001782
006782
003015
006353
002625
006994
006858
003983
008971
003243
003706
008755
008160
003336
004242
002445
001693
002047
008867
006495
003848
002342
004785
008723
002462
009684
006218
001593
002803
009193
001732
003918
008292
002669
002492
002810
001801
007374
007971
000232
001937
001388
006151
002061
000355
002000
007410
006107
007742
007935
004347
005273
001042
005007
009278
000733
005559
000370
008067
007011
002129
004424
004584
001119
005863
004351
003194
001683
000417
005608
002348
009834
007673
004352
006990
002727
003253
006445
002508
007299
004376
003292
006362
005549
006387
006947
006842
009870
006259
008608
007279
008445
006550
008953
007068
001142
008796
005960
008251
009331
004031
005181
009658
006349
007833
001315
007080
009221
001784
007159
002393
002006
008398
008138
009729
007336
004510
006139
003339
006355
007194
000428
008913
008203
009285
005003
000338
000501
001911
000977
002749
004463
001539
002637
001206
007781
002372
000849
007212
009362
003461
007571
002479
002569
004111
004846
000214
004842
000133
002170
004985
008005
005909
002300
000161
000929
004046
000592
001160
002063
009896
006797
009825
007840
001263
005242
000626
003915
006696
007908
006124
002657
001236
007311
000134
007258
006125
001237
005358
004349
003424
004028
002306
009528
002403
001010
008461
007092
002978
004272
002369
004196
006497
004799
008753
005481
009940
002199
007370
005854
005079
003162
008076
004106
005829
009200
009197
006802
007649
005253
007523
000337
000902
006899
002248
002741
001934
006465
005885
003717
007363
005024
004433
006836
000997
004077
005812
001287
001940
000936
002067
006560
008518
005033
003259
007551
009286
005606
007385
004259
008509
005307
003027
008620
009763
000808
008654
004984
008760
005687
006367
001922
007540
005917
003679
005938
007736
000194
005566
002178
001233
006033
001862
007748
001137
001524
004307
001110
002668
000847
005710
007793
004464
000477
000321
004490
007048
004067
004371
000270
005654
005645
006953
003083
000344
009778
002324
006553
001465
002277
009801
001024
003078
003783
008744
004439
004108
003988
009507
004836
003567
004223
002864
001528
005601
002514
003392
004818
004535
004484
004551
001174
003465
006918
006449
005755
006625
004194
002226
002260
007692
006067
009078
007947
009196
008638
005063
001225
006731
002350
008815
004628
006506
007223
009098
004384
008492
004859
006903
003094
005590
001045
002020
008168
006300
007481
001576
006772
009326
009153
007023
009523
002520
005918
008430
008776
009273
004008
007193
006578
005326
009614
007754
009545
008962
006042
006588
009938
005697
000372
001326
004466
005860
006153
005531
004005
009882
009655
009394
001714
001147
000400
006900
006509
008200
001512
000158
004958
002281
000599
001426
004718
000032
006781
008587
000406
000403
004962
004705
000656
000764
001821
002734
005419
006753
006892
000713
004359
005762
004823
002989
007657
009807
000496
008053
004082
007614
003907
004885
004986
008144
003349
009181
008365
000648
003031
007735
008756
005655
004896
008819
003820
001739
009296
001427
008979
000012
009565
004907
003849
001777
005811
006564
008621
006214
005700
003593
006104
006136
002425
003729
007177
008019
007847
006262
005303
009932
001676
001277
004380
003814
005086
007926
001847
005440
009005
009035
006185
006206
000130
002145
008269
009307
004016
007261
005779
002347
001721
005407
003140
000514
005851
002519
006009
009354
002504
006806
000926
002988
009163
006150
000305
008968
001521
002213
001204
002276
004411
005179
000923
007095
008048
009063
001101
002666
004450
000420
004715
006026
002841
004634
007939
002086
003788
005669
001113
007477
008607
001078
001532
005209
001273
007454
001749
009290
004723
000685
000912
006963
003861
009711
005552
002796
002702
004280
003780
004936
009517
007853
003791
009039
007958
009772
006695
001129
003360
009887
003926
007916
001630
009863
000073
000647
006208
007056
003477
007933
004367
005020
007105
008060
004514
009230
006698
004826
004035
004387
006532
006028
000705
008931
000609
000307
006769
002940
009935
001497
009955
002534
005150
008177
004136
007421
006972
007718
007100
005615
007624
009877
001780
004331
001661
003587
005298
004391
007486
008536
004287
007025
005186
001186
005393
004872
009251
005231
006381
003233
001930
002109
009269
007480
004158
002056
006282
000540
000671
002320
004587
003855
006134
006755
009886
002812
007640
006722
000804
003261
003727
000917
004869
008586
009867
002270
001127
008731
006618
004882
006428
007227
008514
005728
007093
009208
002854
009874
006046
007878
006425
002285
001711
004912
006777
000720
009668
000948
003965
008061
001265
001881
006584
006295
004368
009218
006919
004839
008319
008329
002284
000306
008843
000320
001977
007295
008837
002436
007244
009392
006575
005856
008297
003327
009437
007361
000579
001274
005396
007468
004291
005881
007138
000329
003969
003285
008699
007565
007970
004966
009037
004929
002193
002956
008410
008680
000904
002091
002024
009309
002715
002070
005278
001741
008732
005467
005093
000768
006825
006055
006012
004137
003773
002099
008701
002867
001787
005636
006120
003053
002355
002244
008817
001017
007954
003034
009458
008320
009112
000677
006096
003178
009724
006252
007559
004588
009568
005996
005144
000476
006369
000219
000190
003714
006606
003857
005001
004009
000848
009027
008150
006318
007021
001288
007815
001832
003763
008472
007072
001154
007572
003642
001348
001464
009946
002345
001332
009587
001166
002678
007129
006678
006602
003470
002335
005156
006610
000039
001364
004783
004186
005509
008262
006458
002827
002561
001545
003211
003183
009852
003355
006704
002571
001825
004576
009250
005018
008023
006189
004221
003856
009180
000763
002364
005077
005515
005439
004058
000520
000470
004987
001050
009734
005998
001470
003576
006987
000464
003367
003790
001795
002579
007020
003216
006838
005310
004247
004691
003835
001878
003051
000211
002186
005143
003549
004562
005660
007884
005910
002995
001402
009323
008374
002954
005365
009244
007180
009116
005884
000816
006751
005850
001187
001205
009048
003365
006762
004429
009549
002132
000782
000474
009454
003611
003758
009709
009178
003491
007968
007743
001432
002249
006177
005591
001875
000189
005906
003396
000554
000797
000296
009249
005991
005826
003260
003177
009945
000210
001143
009764
008595
002747
008376
000224
000524
008085
006627
002598
005873
004653
003159
005611
001758
009719
001073
003551
005510
005614
007558
001729
004468
003662
008101
008814
007902
007109
005387
008585
000834
003189
006188
004178
006398
002836
000024
002648
000714
000336
005270
005554
006824
007740
006385
001107
004051
001725
005893
006260
005214
000041
000164
009024
001608
006062
005825
006309
003596
002088
002953
001443
002969
005769
005845
006088
005469
001292
005928
005369
004931
001603
006216
000528
002182
009079
003750
006000
005715
006981
007664
003629
004509
004498
007457
000123
003984
004683
001638
005450
008260
007694
008854
004857
008241
000334
006931
001309
008683
002820
002633
007308
000404
007271
005078
001563
006523
005248
008499
003845
008004
005542
009551
000140
004982
005269
005716
007219
005351
008997
000530
001346
003589
003335
006396
005385
007729
004148
002826
000494
003497
008588
000141
005592
009949
002791
001595
001845
005742
004356
009703
